Version 0.9.7
5
 4 106 454 77 128 0 1
 5 80 400 206 81 2 2
 0 266 378 877 276 8 3
 1 372 179 206 81 140 4
 3 39 598 203 58 150 5
 0
25
 0 5 167 567 167 567 167 589 255 589 255 639 319 639 0 1 0 3
 0 5 332 639 332 639 332 694 28 694 28 248 387 248 0 3 0 4
 0 5 50 635 50 635 50 711 345 711 345 639 345 639 0 5 0 3
 255 5 167 468 167 468 167 370 319 370 319 392 319 392 0 1 0 3
 255 5 332 392 332 392 333 392 333 190 387 190 387 190 0 3 0 4
 65280 5 501 483 495 483 495 475 534 475 534 483 527 483 0 3 0 3
 65280 5 501 470 496 470 496 412 631 412 631 483 631 483 0 3 0 3
 65280 5 488 548 488 548 483 548 483 517 644 517 644 483 0 3 0 3
 65280 5 488 561 488 561 488 630 626 630 626 548 631 548 0 3 0 3
 16711935 5 644 548 644 548 644 556 592 556 592 548 592 548 0 3 0 3
 16711935 5 540 483 540 488 559 488 559 541 579 541 579 548 0 3 0 3
 16711935 5 657 483 657 483 657 473 592 473 592 483 592 483 0 3 0 3
 255 5 462 444 462 444 462 444 462 392 462 392 462 392 0 3 0 3
 255 5 579 392 579 392 579 392 579 444 579 444 579 444 0 3 0 3
 0 5 540 587 540 587 540 587 540 639 540 639 540 639 0 3 0 3
 0 5 657 587 657 587 657 587 657 639 657 639 657 639 0 3 0 3
 16711680 5 462 548 462 548 462 548 475 548 475 548 475 548 0 3 0 3
 16711680 5 618 548 618 548 618 548 618 483 618 483 618 483 0 3 0 3
 16711680 5 605 548 605 548 605 509 514 509 514 483 514 483 0 3 0 3
 16711680 5 475 483 475 483 475 483 488 483 488 483 488 483 0 3 0 3
 33023 5 605 483 600 483 600 665 85 665 85 642 85 642 0 3 0 5
 8421440 5 514 444 514 444 514 334 428 334 428 216 428 216 0 3 0 4
 8421440 5 618 444 618 444 618 354 447 354 447 216 447 216 0 3 0 4
 8421440 5 466 216 466 216 475 216 475 216 475 444 475 444 0 4 0 3
 8421440 5 485 216 485 266 413 266 413 587 462 587 462 587 0 4 0 3
2
 7000 1 14 456 496 5 0 0 7116 3
 7010 1 14 573 496 5 0 0 7116 3
