Version 0.9.7
5
 4 10 175 77 128 0 1
 5 80 400 206 81 2 2
 0 110 110 877 276 8 3
 1 237 6 206 81 140 4
 3 107 401 203 58 150 5
 0
34
 255 5 71 189 71 189 71 134 163 134 163 124 163 124 0 1 0 3
 255 5 252 17 90 17 90 109 176 109 176 124 176 124 0 4 0 3
 0 5 71 288 71 288 71 373 163 373 163 371 163 371 0 1 0 3
 0 5 118 438 118 438 83 438 83 371 176 371 176 371 0 5 0 3
 255 5 202 124 202 124 202 124 202 176 202 176 202 176 0 3 0 3
 255 5 319 176 319 176 320 176 320 124 319 124 319 124 0 3 0 3
 0 5 280 371 280 371 280 371 280 319 280 319 280 319 0 3 0 3
 0 5 252 75 252 75 95 75 95 371 189 371 189 371 0 4 0 3
 64 5 397 319 397 319 397 319 397 319 397 371 397 371 0 3 0 3
 255 5 436 124 436 124 436 124 436 176 436 176 436 176 0 3 0 3
 0 5 514 319 514 319 514 319 514 371 514 371 514 371 0 3 0 3
 8454143 5 358 215 358 215 358 215 371 215 371 215 371 215 0 3 0 3
 8454143 5 358 202 358 202 358 195 267 195 267 202 267 202 0 3 0 3
 4227072 5 254 189 254 189 254 182 384 182 384 189 384 189 0 3 0 3
 16777088 5 332 189 332 189 332 188 215 188 215 189 215 189 0 3 0 3
 16777088 5 345 215 345 215 345 207 228 207 228 215 228 215 0 3 0 3
 65793 5 241 215 241 215 241 215 241 280 241 280 241 280 0 3 0 3
 65793 5 254 280 254 280 254 242 280 242 280 215 280 215 0 3 0 3
 16744703 5 267 280 267 280 267 285 319 285 319 280 319 280 0 3 0 3
 8454016 5 384 280 384 280 384 283 332 283 332 280 332 280 0 3 0 3
 16744703 5 267 293 267 293 267 326 439 326 439 293 436 293 0 3 0 3
 8454016 5 384 293 384 293 384 288 449 288 449 293 449 293 0 3 0 3
 33023 5 371 306 371 306 371 314 475 314 475 306 475 306 0 3 0 3
 33023 5 358 293 358 293 358 300 488 300 488 293 488 293 0 3 0 3
 0 5 501 280 501 280 501 280 501 215 501 215 501 215 0 3 0 3
 0 5 462 280 462 280 462 280 462 215 488 215 488 215 0 3 0 3
 4227072 5 293 43 276 43 276 112 254 112 254 176 254 176 0 4 0 3
 33023 5 350 43 360 43 360 244 377 244 377 319 371 319 0 4 0 3
 33023 5 312 43 312 43 312 248 365 248 365 319 358 319 0 4 0 3
 16777088 5 331 43 331 43 331 176 331 176 332 176 332 176 0 4 0 3
 16777088 5 345 176 345 176 345 96 369 96 369 43 369 43 0 3 0 4
 16777215 5 514 215 535 215 535 553 153 553 153 445 153 445 0 3 0 5
 16777215 5 173 445 173 445 173 513 345 513 345 319 345 319 0 5 0 3
 16777215 5 193 445 193 445 193 480 413 480 413 215 397 215 0 5 0 3
3
 7000 1 14 196 228 5 0 1950529488 0 3
 7000 1 14 430 228 5 0 0 22972 3
 7086 1 14 313 228 5 0 0 22972 3
