Version 0.9.7
5
 4 10 175 77 128 0 1
 5 80 400 206 81 2 2
 0 110 110 877 276 8 3
 1 118 16 206 81 140 4
 3 107 401 203 58 150 5
 0
34
 255 5 133 27 90 27 90 109 176 109 176 124 176 124 0 4 0 3
 0 5 71 288 71 288 71 373 163 373 163 371 163 371 0 1 0 3
 0 5 118 438 118 438 83 438 83 371 176 371 176 371 0 5 0 3
 0 5 280 371 280 371 280 371 280 319 280 319 280 319 0 3 0 3
 0 5 133 85 133 85 95 85 95 371 189 371 189 371 0 4 0 3
 255 5 71 189 71 189 71 122 163 122 163 124 163 124 0 1 0 3
 255 5 202 124 202 124 202 124 202 176 202 176 202 176 0 3 0 3
 255 5 319 124 319 124 319 124 319 176 319 176 319 176 0 3 0 3
 255 5 436 124 436 124 436 124 436 176 436 176 436 176 0 3 0 3
 0 5 514 319 514 319 514 319 514 371 514 371 514 371 0 3 0 3
 16776960 5 267 176 267 176 267 103 222 103 222 53 212 53 0 3 0 4
 16776960 5 193 53 202 53 202 110 254 110 254 176 254 176 0 4 0 3
 32768 5 174 53 183 53 183 100 215 100 215 176 215 176 0 4 0 3
 33023 5 231 53 241 53 241 95 449 95 449 176 449 176 0 4 0 3
 33023 5 250 53 260 53 260 91 462 91 462 176 462 176 0 4 0 3
 65793 5 397 319 397 319 397 319 397 319 397 371 397 371 0 3 0 3
 16776960 5 267 189 267 189 267 189 332 189 332 189 332 189 0 3 0 3
 16776960 5 254 189 254 189 254 189 254 189 345 189 345 189 0 3 0 3
 65535 5 358 215 358 215 358 208 371 208 371 215 371 215 0 3 0 3
 4227072 5 215 189 215 189 215 182 384 182 384 189 384 189 0 3 0 3
 16777215 5 397 215 403 215 403 470 173 470 173 445 173 445 0 3 0 5
 0 5 241 215 241 215 241 215 241 280 241 280 241 280 0 3 0 3
 65535 5 358 202 358 202 358 196 228 196 228 202 228 202 0 3 0 3
 0 5 280 215 280 215 280 250 254 250 254 280 254 280 0 3 0 3
 16744703 5 267 280 267 280 267 273 319 273 319 280 319 280 0 3 0 3
 16744703 5 267 293 267 293 267 298 436 298 436 280 436 280 0 3 0 3
 33023 5 449 215 451 215 451 245 358 245 358 280 358 280 0 3 0 3
 33023 5 462 215 462 215 462 254 371 254 371 280 371 280 0 3 0 3
 65280 5 384 280 384 280 384 268 332 268 332 280 332 280 0 3 0 3
 65280 5 384 293 384 293 384 299 449 299 449 280 449 280 0 3 0 3
 16777215 5 345 280 345 280 345 487 193 487 193 445 193 445 0 3 0 5
 0 5 462 280 462 280 462 280 475 280 475 280 475 280 0 3 0 3
 0 5 475 215 475 215 475 246 488 246 488 280 488 280 0 3 0 3
 16777215 5 501 280 501 280 501 503 153 503 153 445 153 445 0 3 0 5
3
 7086 1 14 313 228 5 0 0 8583448 3
 7000 1 14 430 228 5 0 0 24872 3
 7000 1 14 196 228 5 0 0 24872 3
