Version 0.9.7
6
 4 10 175 77 128 0 1
 5 801 399 206 81 2 2
 0 110 110 877 276 8 3
 2 575 409 206 81 173 5
 1 279 394 206 81 183 6
 3 1031 84 203 58 262 9
 1
50
 16777215 5 71 189 71 189 71 122 163 122 163 124 163 124 0 1 0 3
 16777215 5 176 124 176 124 176 405 176 405 294 405 294 405 0 3 0 6
 16777215 5 71 288 71 288 71 371 71 371 163 371 163 371 0 1 0 3
 16777215 5 176 371 176 371 117 371 117 463 294 463 294 463 0 3 0 6
 16777215 5 592 371 592 371 592 478 592 478 590 478 590 478 0 3 0 5
 16777215 5 590 420 590 420 590 520 1022 520 1022 124 930 124 0 5 0 3
 16777215 5 670 319 670 319 670 319 670 371 670 371 670 371 0 3 0 3
 16777215 5 579 176 579 176 579 176 579 124 579 124 579 124 0 3 0 3
 16777215 5 540 319 540 319 540 319 540 371 540 371 540 371 0 3 0 3
 16777215 5 449 176 449 176 449 176 449 124 449 124 449 124 0 3 0 3
 16777215 5 332 176 332 176 332 176 332 124 332 124 332 124 0 3 0 3
 16777215 5 215 176 215 176 215 176 215 124 215 124 215 124 0 3 0 3
 16777215 5 293 319 293 319 293 319 293 371 293 371 293 371 0 3 0 3
 16777215 5 605 319 605 319 605 319 605 371 605 371 605 371 0 3 0 3
 16777215 5 618 319 618 319 618 319 618 371 618 371 618 371 0 3 0 3
 16777215 5 631 319 631 319 631 319 631 371 631 371 631 371 0 3 0 3
 16777215 5 644 319 644 319 644 319 644 371 644 371 644 371 0 3 0 3
 16777215 5 335 405 335 405 335 319 335 319 332 319 332 319 0 6 0 3
 16777215 5 354 405 354 405 354 319 354 319 358 319 358 319 0 6 0 3
 16777215 5 373 405 373 405 377 405 377 319 384 319 384 319 0 6 0 3
 16777215 5 410 319 410 319 410 319 410 371 410 371 410 371 0 3 0 3
 16777215 5 709 124 709 124 709 124 709 176 709 176 709 176 0 3 0 3
 16777215 5 787 319 787 319 787 319 787 371 787 371 787 371 0 3 0 3
 16777215 5 1077 128 1077 128 1077 150 631 150 631 189 631 189 0 9 0 3
 16777215 5 1097 128 1097 128 1097 144 618 144 618 189 618 189 0 9 0 3
 16777215 5 1117 128 1117 128 1117 141 605 141 605 189 605 189 0 9 0 3
 16777215 5 501 215 501 215 501 243 540 243 540 280 540 280 0 3 0 3
 16777215 5 514 176 514 176 514 176 514 124 514 124 514 124 0 3 0 3
 16777215 5 527 280 527 280 527 238 514 238 514 215 514 215 0 3 0 3
 255 5 345 280 345 280 345 244 462 244 462 215 462 215 0 3 0 3
 255 5 371 280 371 280 371 285 462 285 462 280 462 280 0 3 0 3
 255 5 397 293 397 293 397 293 514 293 514 293 514 293 0 3 0 3
 4227072 5 392 405 392 405 392 302 670 302 670 215 670 215 0 6 0 3
 65535 5 488 202 488 202 488 202 397 202 397 202 397 202 0 3 0 3
 65535 5 449 280 449 280 449 240 371 240 371 215 371 215 0 3 0 3
 65535 5 488 280 488 280 488 237 345 237 345 215 345 215 0 3 0 3
 255 5 410 189 410 189 410 202 254 202 254 189 254 189 0 3 0 3
 255 5 358 202 340 202 340 199 267 202 267 202 267 202 0 3 0 3
 255 5 384 202 384 202 384 202 384 202 280 202 280 202 0 3 0 3
 16711808 5 293 176 293 176 293 159 722 159 722 176 722 176 0 3 0 3
 255 5 735 176 679 176 679 251 657 251 657 280 657 280 0 3 0 3
 255 5 735 189 735 189 735 189 657 189 657 189 657 189 0 3 0 3
 16711680 5 631 215 631 215 631 213 475 213 475 215 475 215 0 3 0 3
 16711680 5 618 215 618 215 618 271 475 271 475 280 475 280 0 3 0 3
 16711680 5 605 215 605 215 605 256 501 256 501 280 501 280 0 3 0 3
 16777215 5 930 371 930 371 1042 371 1042 371 1042 121 1042 121 0 3 0 9
 255 5 816 468 816 468 800 468 800 468 800 371 800 371 0 2 0 3
 255 5 816 410 816 410 917 410 917 410 917 124 917 124 0 2 0 3
 65535 5 527 189 527 189 527 280 527 280 579 280 579 280 0 3 0 3
 65535 5 592 319 592 319 592 420 592 420 631 420 631 420 0 3 0 5
5
 7010 1 14 209 228 5 0 0 0 3
 7004 1 14 326 228 5 0 0 11496 3
 7283 1 16 443 228 5 0 0 11496 3
 7169 1 16 573 228 5 0 0 11496 3
 7004 1 14 703 228 5 0 0 11496 3
