Version 0.9.7
6
 4 10 175 77 128 0 1
 5 80 400 206 81 2 2
 0 110 110 877 276 8 3
 1 108 403 206 81 140 4
 2 347 402 206 81 150 5
 3 1037 64 203 58 160 6
 0
33
 16777215 5 71 189 71 189 71 92 163 92 163 124 163 124 0 1 0 3
 16777215 5 176 124 176 124 27 124 27 414 123 414 123 414 0 3 0 4
 16777215 5 345 124 345 124 0 124 0 397 362 397 362 413 0 3 0 5
 16777215 5 71 288 71 288 71 367 163 367 163 371 163 371 0 1 0 3
 16777215 5 189 371 189 371 64 371 64 472 123 472 123 472 0 3 0 4
 16777215 5 362 471 362 471 362 371 362 371 358 371 358 371 0 5 0 3
 16777215 5 930 371 930 371 1048 371 1048 371 1048 101 1048 101 0 3 0 6
 16777215 5 501 137 501 137 501 137 501 176 501 176 501 176 0 3 0 3
 16777215 5 592 137 592 137 592 137 592 176 592 176 592 176 0 3 0 3
 16777215 5 579 371 579 371 579 371 579 319 579 319 579 319 0 3 0 3
 16777215 5 670 319 670 319 670 319 670 371 670 371 670 371 0 3 0 3
 16777215 5 241 137 241 137 241 137 241 176 241 176 241 176 0 3 0 3
 16777215 5 332 371 332 371 332 371 332 319 332 319 332 319 0 3 0 3
 16777215 5 358 137 358 137 358 137 358 176 358 176 358 176 0 3 0 3
 16777215 5 449 371 449 371 449 371 449 319 449 319 449 319 0 3 0 3
 65280 5 527 319 527 319 527 413 527 413 403 413 403 413 0 3 0 5
 65280 5 540 215 540 215 540 248 527 248 527 280 527 280 0 3 0 3
 65280 5 527 293 527 293 527 293 618 293 618 293 618 293 0 3 0 3
 16711935 5 164 414 164 414 501 414 501 414 501 319 501 319 0 4 0 3
 16711935 5 501 280 501 280 501 247 514 247 514 215 514 215 0 3 0 3
 16711935 5 501 306 501 306 501 306 592 306 592 306 592 306 0 3 0 3
 65535 5 202 427 202 427 202 364 384 364 384 319 384 319 0 4 0 3
 65535 5 553 319 553 319 553 258 293 258 293 215 293 215 0 3 0 3
 0 5 267 202 267 202 267 202 384 202 384 202 384 202 0 3 0 3
 255 5 644 306 644 306 644 251 306 251 306 189 306 189 0 3 0 3
 255 5 410 293 410 293 553 293 553 293 553 280 553 280 0 3 0 3
 0 5 221 427 221 427 221 280 221 280 254 280 254 280 0 4 0 3
 0 5 254 293 254 293 254 293 371 293 371 293 371 293 0 3 0 3
 0 5 240 427 240 427 240 215 240 215 267 215 267 215 0 4 0 3
 16711680 5 259 427 259 427 259 354 423 354 423 319 423 319 0 4 0 3
 255 5 293 306 293 306 293 262 566 262 566 202 566 202 0 3 0 3
 16711680 5 278 427 278 427 278 319 278 319 306 319 306 319 0 4 0 3
 16711680 5 297 427 297 427 297 215 297 215 319 215 319 215 0 4 0 3
4
 7153 1 16 235 228 5 0 0 8583448 3
 7074 1 14 495 228 5 0 0 8583448 3
 7153 1 16 352 228 5 0 0 8583448 3
 7074 1 14 586 228 5 0 0 8583448 3
