Version 0.9.7
6
 4 10 175 77 128 0 1
 5 80 400 206 81 2 2
 0 130 130 877 276 8 3
 1 115 417 206 81 140 4
 2 369 417 206 81 150 5
 3 1018 50 203 58 160 7
 0
49
 255 5 71 189 71 189 71 123 183 123 183 144 183 144 0 1 0 3
 255 5 196 144 196 144 8 144 8 580 130 580 130 428 0 3 0 4
 255 5 209 144 209 144 6 144 6 579 384 579 384 428 0 3 0 5
 255 5 235 144 235 144 235 144 235 196 235 196 235 196 0 3 0 3
 255 5 365 144 365 144 367 144 367 196 365 196 365 196 0 3 0 3
 255 5 547 144 547 144 547 144 547 196 547 196 547 196 0 3 0 3
 255 5 664 144 664 144 664 144 664 196 664 196 664 196 0 3 0 3
 0 5 71 288 71 288 71 391 71 391 183 391 183 391 0 1 0 3
 0 5 196 391 196 391 107 391 107 486 130 486 130 486 0 3 0 4
 0 5 384 486 384 486 365 486 365 486 365 391 365 391 0 5 0 3
 0 5 950 391 950 391 1029 391 1029 391 1029 87 1029 87 0 3 0 7
 0 5 742 339 742 339 742 339 742 391 742 391 742 391 0 3 0 3
 0 5 625 339 625 339 625 339 625 391 625 391 625 391 0 3 0 3
 0 5 456 339 456 339 456 339 456 391 456 391 456 391 0 3 0 3
 0 5 326 339 326 339 326 339 326 391 326 391 326 391 0 3 0 3
 65280 5 425 428 425 428 425 410 573 410 573 339 573 339 0 5 0 3
 65280 5 573 326 573 326 573 417 690 417 690 326 690 326 0 3 0 3
 65280 5 573 300 573 300 573 272 586 272 586 235 586 235 0 3 0 3
 16711935 5 190 428 190 428 190 355 547 355 547 339 547 339 0 4 0 3
 16711935 5 547 300 547 300 547 263 560 263 560 235 560 235 0 3 0 3
 16711935 5 547 313 547 313 547 373 664 373 664 313 664 313 0 3 0 3
 16711680 5 285 428 285 428 295 428 295 339 300 339 300 339 0 4 0 3
 16711680 5 304 428 304 428 304 365 430 365 430 339 430 339 0 4 0 3
 16777215 5 248 326 248 326 248 332 378 332 378 326 378 326 0 3 0 3
 16777215 5 612 235 612 235 612 232 1064 232 1064 94 1064 94 0 3 0 7
 16777215 5 716 300 716 300 1104 300 1104 300 1104 94 1104 94 0 3 0 7
 255 5 599 144 599 144 599 144 599 196 599 196 599 196 0 3 0 3
 16777215 5 313 300 313 300 313 304 560 304 560 300 560 300 0 3 0 3
 16777215 5 599 300 587 300 587 393 1084 393 1084 94 1084 94 0 3 0 7
 16777215 5 443 313 443 313 443 380 677 380 677 313 677 313 0 3 0 3
 255 5 599 235 599 235 599 273 586 273 586 300 586 300 0 3 0 3
 255 5 586 339 586 339 586 339 586 339 703 339 703 339 0 3 0 3
 0 5 235 339 235 339 237 339 237 391 235 391 235 391 0 3 0 3
 0 5 235 326 235 326 235 326 365 326 365 326 365 326 0 3 0 3
 16777215 5 261 222 261 222 261 200 391 200 391 222 391 222 0 3 0 3
 0 5 248 391 248 391 110 391 110 230 248 230 248 235 0 3 0 3
 16711680 5 266 428 266 428 279 428 279 220 313 220 313 235 0 4 0 3
 16777215 5 326 209 326 209 326 172 573 172 573 209 573 209 0 3 0 3
 65535 5 716 313 716 313 716 410 274 410 274 313 274 313 0 3 0 3
 65535 5 599 326 575 326 575 275 287 275 287 235 287 235 0 3 0 3
 65535 5 209 428 209 428 209 344 404 344 404 339 404 339 0 4 0 3
 16777215 5 228 428 228 428 228 386 248 386 248 339 248 339 0 4 0 3
 16777215 5 247 428 247 428 247 235 247 235 261 235 261 235 0 4 0 3
 33023 5 716 326 702 326 702 267 300 267 300 235 300 235 0 3 0 3
 33023 5 599 313 599 313 417 313 417 313 417 300 417 300 0 3 0 3
 33023 5 287 300 287 300 287 253 612 253 612 222 612 222 0 3 0 3
 8421440 5 612 209 612 209 612 153 274 153 274 209 274 209 0 3 0 3
 8421440 5 599 339 599 339 599 361 261 361 261 339 261 339 0 3 0 3
 8421440 5 716 339 716 339 716 383 391 383 391 313 391 313 0 3 0 3
4
 7153 1 16 229 248 5 0 0 20252 3
 7153 1 16 359 248 5 0 0 20252 3
 7074 1 14 541 248 5 0 0 20252 3
 7074 1 14 658 248 5 0 0 20252 3
